368
1042
32
1057
1083
1098
1085
1095
1077
1074
1072
1090
1072
32
1089
1080
1089
1090
1077
1084
1072
32
1085
1072
1074
1083
1077
1079
1077
32
1087
1083
1072
1085
1077
1090
1072
44
32
1082
1086
1103
1090
1086
32
1089
1077
32
1074
1079
1088
1080
1074
1080
32
33
13
10
13
10
1047
1077
1084
1103
1090
1072
32
1077
32
1079
1072
1087
1083
1072
1096
1077
1085
1072
32
1086
1090
32
1086
1075
1088
1086
1084
1085
1080
32
1084
1077
1090
1077
1086
1088
1080
1090
1080
32
1080
32
1072
1089
1090
1077
1088
1086
1080
1076
1080
46
13
10
1057
1072
1084
1086
32
1077
1076
1085
1086
32
1087
1086
1087
1072
1076
1077
1085
1080
1077
32
1084
1086
1078
1077
32
1076
1072
32
1091
1085
1080
1097
1086
1078
1080
32
1087
1083
1072
1085
1077
1090
1072
1090
1072
46
32
1055
1086
1076
32
13
10
1090
1088
1077
1074
1086
1075
1072
32
1089
1072
32
1074
1076
1080
1075
1085
1072
1090
1080
32
1074
1089
1080
1095
1082
1080
32
1085
1072
1083
1080
1095
1085
1080
32
1082
1086
1089
1084
1080
1095
1077
1089
1082
1080
32
1073
1086
1081
1085
1080
13
10
1082
1086
1088
1072
1073
1080
44
32
1082
1086
1080
1090
1086
32
1076
1072
32
1089
1087
1072
1089
1103
1090
32
1047
1077
1084
1103
1090
1072
46
13
10
13
10
1053
1072
1089
1086
1095
1074
1072
1096
32
1082
1086
1088
1072
1073
1072
32
1089
1080
32
1089
32
1076
1077
1089
1077
1085
32
1073
1091
1090
1086
1085
32
1085
1072
32
1084
1080
1096
1082
1072
1090
1072
32
1080
32
1089
1090
1088
1077
1083
1103
1096
13
10
1089
32
1083
1103
1074
46
13
10
13
10
1050
1086
1075
1072
1090
1086
32
1074
1088
1077
1084
1077
1090
1086
32
1089
1074
1098
1088
1096
1080
44
32
1084
1080
1085
1072
1074
1072
1096
32
1085
1072
32
1089
1083
1077
1076
1074
1072
1097
1086
32
1085
1080
1074
1086
32
33
0
